4294967279,556
36,4
4294967278,361
36,3
36,2
36,1
4294967294,1421
4294967278,360
4294967278,359
35,4
4294967279,555
35,3
35,2
35,1
4294967279,554
4294967278,358
4294967279,553
34,6
4294967294,1424
4294967294,1423
34,5
34,4
34,3
34,2
34,1
4294967294,474
33,5
33,4
33,3
33,2
33,1
32,5
32,4
32,3
32,2
32,1
4294967278,357
4294967279,552
31,5
4294967279,551
4294967278,356
31,4
31,3
31,2
31,1
4294967278,355
4294967279,550
30,4
30,3
30,2
30,1
4294967278,354
4294967278,353
4294967279,549
4294967278,352
4294967279,548
4294967278,351
4294967279,547
4294967279,546
4294967278,350
4294967279,545
4294967279,544
4294967279,543
29,4
29,3
29,2
29,1
4294967279,542
28,4
28,3
28,2
28,1
4294967278,349
4294967294,473
4294967279,541
4294967278,348
4294967278,347
4294967278,346
27,6
4294967278,345
4294967279,540
27,5
27,4
27,3
27,2
27,1
26,5
26,4
26,3
26,2
26,1
4294967278,344
4294967279,539
4294967279,538
4294967279,537
4294967294,472
4294967278,343
4294967279,536
25,5
4294967279,535
4294967278,342
25,4
25,3
25,2
25,1
4294967278,341
4294967278,340
4294967278,339
24,5
4294967278,338
4294967279,534
24,4
24,3
24,2
24,1
4294967279,533
4294967279,532
23,4
23,3
23,2
23,1
4294967278,337
4294967279,531
4294967278,336
4294967279,530
4294967278,335
4294967279,529
4294967279,528
4294967278,334
4294967279,527
4294967279,526
4294967278,333
4294967278,332
4294967279,525
22,4
22,3
22,2
22,1
4294967278,331
21,4
21,3
21,2
21,1
4294967279,524
20,6
4294967279,523
4294967278,330
20,5
20,4
20,3
20,2
20,1
4294967279,522
4294967278,329
4294967279,521
19,5
19,4
19,3
19,2
19,1
4294967278,328
4294967279,520
4294967279,519
4294967278,327
4294967279,518
4294967278,326
4294967279,517
4294967279,516
4294967278,325
4294967278,324
4294967279,515
18,5
4294967278,323
4294967279,514
4294967278,322
18,4
4294967279,513
18,3
18,2
18,1
4294967279,512
4294967279,319
4294967278,321
4294967279,318
4294967279,317
17,5
17,4
17,3
17,2
17,1
4294967279,316
16,4
16,3
16,2
16,1
4294967279,315
4294967294,1422
4294967279,314
15,4
15,3
15,2
15,1
4294967279,313
14,4
14,3
14,2
14,1
4294967278,320
4294967279,312
4294967278,319
4294967278,318
13,6
4294967278,317
4294967279,311
4294967279,310
13,5
13,4
13,3
13,2
13,1
4294967278,316
4294967279,309
4294967278,315
4294967278,314
12,5
12,4
12,3
12,2
12,1
4294967279,308
4294967278,313
4294967279,307
4294967278,312
4294967279,306
4294967279,305
11,5
11,4
11,3
11,2
11,1
4294967278,311
4294967279,304
4294967278,310
4294967278,309
10,5
10,4
10,3
10,2
10,1
4294967279,303
4294967279,302
4294967279,301
4294967278,308
9,4
9,3
9,2
9,1
4294967278,307
4294967279,300
4294967278,306
4294967279,299
4294967278,305
4294967279,298
4294967278,304
4294967279,297
4294967278,303
4294967279,296
4294967278,302
4294967279,295
4294967278,301
4294967279,294
4294967278,300
4294967278,299
4294967279,293
8,4
8,3
8,2
8,1
4294967279,292
4294967294,437
4294967278,298
4294967279,291
7,4
7,3
7,2
7,1
4294967278,297
4294967294,1101
4294967294,1420
4294967279,290
4294967278,296
4294967278,295
6,6
4294967294,471
4294967278,294
4294967279,289
4294967279,288
6,5
6,4
6,3
6,2
6,1
4294967278,293
4294967279,287
4294967278,292
4294967278,291
5,5
5,4
5,3
5,2
5,1
4294967279,286
4294967294,436
4294967278,290
4294967279,285
4294967278,289
4294967279,284
4,5
4294967278,288
4294967279,283
4,4
4294967278,287
4,3
4,2
4,1
4294967278,286
4294967294,1419
4294967294,1418
4294967279,282
4294967294,470
4294967294,83
3,5
3,4
3,3
3,2
3,1
2,4
4294967278,285
2,3
2,2
2,1
4294967278,279
4294967279,273
4294967293,131
4294967293,130
4294967293,129
4294967293,128
4294967293,127
4294967293,126
4294967293,125
4294967293,124
4294967293,123
